40
1 28 70 21 56 5 79 72 18 42 53 74 62 41 15 8 38 26 10 45 3 61 34
2 26 75 41 73 2 64 44 25 66 6 37 63 67 5 58 20 77 9 79 10 80 34 62 4 7 38 69 71 19 23 1 47 36 16 55 42
3 73 51 21 54 31 22 8 15 56 52 12 42 43 38 37 66 23 62 11 19 64 10 2 59 49 35 3 14 80 20 50 60 25 16 40 76 45 26 68 70 72 44
4 24 16 12 14 47 74 52 80 70 46 5 75 68 26 64 4 62 49 20 8 10 78 58 42 45 35 59 72 40 44 25 63 22 6 7 77 29 61 23 36 56 3 17 9 53 65 38 31 69 27 18 19 67 60 73 48 66 32 33 76 37 13 15 50 57 2
5 39 42 25 6 65 60 4 58 63 62
6 71 45 13 23 75 19 6 18 67 27 60 52 40 41 44 3 48 53 66 50 64 16 56 1 17 26 11 29 21 32 8 65 38 43 33 46 49 15 78 37 30 5 14 61 22 10 25 70 28 24 76 9 2 63 73 7 35 51 79 68 55 42 74 12 69 59 77 72 36 62 31 4 34
7 24 39 71 28 53 3 65 9 5 72 23 73 42 32 10 58 76 44 14 13
8 77 26 63 48 52 16 45 78 30 9 14 17 44 50 71 2 27 58 51 70 72 76 25 65 15 74 32 66 43 53 56 49 6 59 46 22 34 23 75 64 20 5 29 39 12 8 79 40 18 42 60 55 37 4 73 54 3 47 21 33 67 31 13 28 80 24 57 38 11 69 1 35 19 68 61 36
9 26 20 17 9 24 4 37 45 50 65 31 47 48 79 2 59 76 1 72 27 3 28 60 61 73 69 67 80 56 57 12 74 13 7 16 64 71 21 58 5 34 41 6 39 36 40 32 19 55 42 14 23 54 22 38 52 66 10
10 63 35 37 74 53 69 56 55 59 4 18 79 45 2 67 1 7 8 3 32 71 29 39 21 22 33 40 30 48 14 31 12 70 47 11 28 10 80 58 72 25 20 16 6 24 27 26 36 61 46 77 49 42 52 51 15 78 66
11 20 49 44 8 62 4 39 60 41 3 18 70 10 26 12 63 36 33 80 71 40 52 24 46 42 27 67 5 28 23 75 69 29 65 32 54 25
12 24 52 44 53 7 74 18 33 62 37 57 14 9 32 67 56 30 60 80 42 75 40 54 5 21 25 69 10 64 49 58 15 12 39 13 11 65 71 63 22 2 61 38 55 70 68 76 26 46 29 43 47 77 59 23 6
13 20 18 80 43 32 28 63 9 38 69 19 48 42 57 13 59 14 46 17 3 76
14 55 21 49 62 63 77 2 15 56 29 3 52 79 5 4 75 38 1 16 23 11 72 41 33 67 44 14 32 24
15 47 32 7 22 30 38 77 54 28 13 66 68 14 61 65 35 29 59 12 44 73 24 37 75 58 41 51 11 48 26 4 52 43 34 10 53 45 20 69 70 18
16 71 30 61 6 14 48 12 4 74 53 64 35 8 66 70 67 47 72 59 26 2 51 34 23 50 38 11 5 20 24 46 41 60 68 3 17 58 28 54 37 62 33 21 10 1 15 65 32 25 43 36 63 52 9
17 75 13 21 41 22 8 56 73 59 78 44 50 65 26 64 62 77 70 68 51 40 38 74 43 67 39 9 14 32 72 35 80 5 57 36 46 69 60 34 49 6 24 4 48 25 58 53 52 20 10 19 23 45 17 42 3 79
18 71 16 19 31 59 12 77 15 73 39 78 53 36 33 17 48 47 64 62 75 58 43 21 7 10 9 69 14 76 38 54 29 23 22 42 63 25 41 51 4 1 13 35 70 57 24 80 74 8 27 44 65 49 52 61 68 40 60 66 72 6 55 26 34 3 30
19 9 46 63 20 34 80 73 32 57 4 22 31 3 2 58 7 37 59 69 23 43 11 71 78 21 53 41 1 39 10 65 14 38 70 51 17 42 16 18 27 5 55 48 68 15 33 67 35 60 28 52 74 64 47 50 77 8 13 75 40 61 49 24 19 54
20 27 50 24 49 65 56 26 31 51 22 46 53 68 78 69 57 19 72 7 70 59 25 3 12 63 13 5 9 18 4 30 79 40 15 35 47 29 14 34 74 58 41 48 17 37 6 20 45 38 28 61 42 11 76 10 43 2
21 13 26 51 19 4 54 61 62 16 33 10 1 58 14 36 2 12 77 70 3 68 20 25 48 63 47 31 28 74 37 60 21 57 55 67 64 59 5 45 46 40 56 43 32 39 75 65 24 69 44 73 41 34 9 42 11 35 15 76 27 8 29 6 30 78 52 50 79 22 38 53 49 71 18 7 80 23 66 17 72
22 45 77 54 20 5 10 31 60 2 17 1 23 43 63 30 9 37 67 6 53 41 61 12 70 29 8 49 32 24 62 78 36 68 58 3 73 25 40 16 66 42 26 50 13 75 72 56 21 64 35 11 39 52 19 59
23 48 56 65 54 57 16 74 58 73 50 71 2 23 1 35 72 39 47 32 12 15 14 29 55 3 37 51 79 26 34 33 64 4 41 52 61 60 17 76 25 68 40 27 43 78 18 36 21 8 24 70 77 42 31 19 10 63 5 20 75 53 45 11 44 38 80 49 22
24 50 70 61 14 38 13 59 75 51 18 57 16 3 53 68 52 1 67 44 32 73 43 37 31 41 64 56 72 24 69 62 58 42 49 40 80 21 23 79 54 12 34 65 8 71 39 47 5 6 7 28 46 29 2 26 4 78 77 17 48 22 36 25
25 47 67 34 46 61 74 7 52 2 22 29 78 50 49 38 68 54 28 35 27 75 33 18 69 42 26 55 3 57 80 15 25 14 30 19 45 41
26 34 51 50 9 8 39 74 30 36 21 13 73 45 79 10 33 76 66 43 31 27 38 7 46 35 78 58 6 11 44 59 55
27 7 6 42 74 59 38 25 9 78 45 11 27 39 48 5 47 73 44 79 18 26 4 70 17 56 24 62 36 55 32 41 57 50 34
28 58 17 63 14 77 19 64 7 29 76 10 15 42 45 12 67 11
29 15 63 65 31 14 10 45 23 41 6 64
30 5 44 33 69 36 49 1 18 21 56 8 53 68 72 28 42 13 62 23 6 76 58 24 55 14 34 27 40 2 67 66 25 48 31 64 19 51 9 60 75 77 47 22 37 20
31 3 34 68 50 77 40 4 58 26 69 33 18
32 67 53 27 12 48 63 68 50 79 13 34 8 54 74 24 44 55 72 22 52 17 7 28 31 80 56 75 21 76 57 6 43 69 14 59 71 40 2 1 11 32 26 65 66 20 38
33 72 60 1 8 23 4 59 33 54 2 19 80 5 37 76 74 70 44 34 58 10 75 67 9 45 32 69 30 40 25 38 20 78 11 62 57 7 42 16 77 50 14
34 18 12 64 72 34 26 63 25 65 11 53 13 67 6 21 59 28 61 5 19 17 57 55 70 62 45 38 37 30 1 32 46 74 69 78 54 29 52 68 16 23 14 76 73 66 2 80 75 24 58 9 27 43 49 77 40 47 20
35 77 32 39 10
36 16 54 55 64 31 39 57 79 18 61 74 28 7 40 70 73 77 37 17 29 69 23 45 47 30 6 27 41 13 4 8 80
37 12 21 35 80 26 17 7 69 9 10 77 70 4 23 79 6 51 60 45 38 37 14 71
38 39 11 72 55 6
39 51 19 35 32 70 11 52 1 75 45 8 9 36 54 29 79 12 7 13 21 6 33 59
40 47 72 79 2 50 34 7 74 38 16 15 11 33 64 37 76 28 20 25 14 60 40 12 75 69 80 49 68 29 61 56 57 1 58 52 19 43 77 9 63
80
1 1 10 8 6 4 10 2 8 6 6 2 2 1 8 9 5 8 3 7 5 5 9 5 2 1 4 8 8 9 10 2 8 5 2 6 10 8 3 8 7
2 3 3 4 7 2 5 8 8 9 5 2 7 6 2 6 2 7 3 8 4 7 4 1 6 1 1 2 10 1 2 5 7 6 2 5 10 10 9 5 6
3 6 2 1 7 7 9 1 5 4 7 2 6 6 3 10 3 9 5 5 8 5 10 1 4 1 2 8 7 10 5 2 8 6 10 5 6 8 2 3 9
4 10 9 10 7 2 10 2 4 4 9 4 3 9 8 8 9 1 10 2 10 8 5 1 9 1 9 10 9 5 9 8 7 10 9 8 2 1 10 2 2
5 2 2 10 8 4 2 7 1 2 4 10 6 5 5 3 3 5 4 6 1 2 4 5 10 9 4 8 2 9 9 6 8 10 2 5 3 5 9 2 9
6 3 6 2 8 9 10 6 4 9 9 1 9 10 5 7 5 6 3 4 2 2 5 9 7 6 10 6 6 1 2 8 4 7 8 1 1 6 9 3 1
7 3 7 7 5 5 1 3 6 2 1 8 10 3 1 3 2 4 5 3 6 8 7 10 10 4 8 9 8 1 10 5 1 1 7 3 9 3 6 7 6
8 9 8 3 4 4 5 7 10 2 5 2 7 8 2 2 10 3 10 7 7 3 7 3 10 10 3 2 1 6 9 10 4 10 4 6 7 10 3 4 5
9 10 8 5 8 5 2 8 6 9 3 2 1 4 10 1 2 7 6 1 7 6 2 8 6 8 2 9 8 8 3 10 4 7 5 10 1 3 6 6 1
10 6 5 1 7 3 4 6 4 5 7 9 10 3 7 3 8 8 9 3 3 3 8 10 2 6 9 10 10 10 5 5 9 6 8 10 8 5 4 9 6
11 1 5 9 4 2 9 7 7 6 4 9 9 4 2 5 4 5 8 1 8 9 7 9 3 1 10 9 7 9 9 7 3 1 2 1 9 3 5 8 8
12 6 1 3 10 10 2 9 4 9 1 5 1 10 6 9 3 7 10 2 4 3 3 9 2 5 7 3 5 2 8 9 6 10 8 4 8 8 4 4 6
13 2 3 3 8 3 10 6 2 7 8 6 6 5 4 7 4 10 10 2 7 2 6 3 10 4 1 6 6 6 3 4 8 4 1 7 7 3 4 8 3
14 3 6 9 8 2 7 7 8 3 10 2 8 3 9 4 9 5 1 5 6 5 3 1 3 2 9 2 10 9 5 3 5 6 2 8 5 6 7 10 7
15 8 1 10 2 3 7 6 9 9 2 10 5 6 7 6 8 9 7 2 4 6 7 8 5 5 8 9 8 3 1 5 2 10 4 10 3 1 8 4 6
16 10 10 5 5 5 8 9 3 5 9 3 4 3 10 5 2 3 2 1 8 6 6 6 4 5 8 2 10 6 5 9 7 3 7 9 3 5 6 10 3
17 4 10 7 6 5 8 7 10 1 2 9 4 9 5 8 8 9 7 10 4 7 4 6 8 1 4 2 3 6 3 8 4 8 6 9 1 9 9 10 1
18 4 7 10 10 7 8 10 4 7 8 7 4 3 1 6 9 8 7 1 6 4 7 8 10 8 5 2 6 7 4 10 2 3 1 4 2 10 3 6 5
19 8 9 3 2 6 9 1 9 10 9 6 8 9 3 1 5 2 5 4 1 10 8 10 3 6 8 2 9 8 9 2 4 8 1 5 6 10 2 5 3
20 3 1 5 10 4 5 5 10 5 4 9 8 5 3 1 3 3 10 5 7 8 9 1 6 5 10 4 5 4 1 10 3 10 2 6 1 4 1 6 5
21 5 6 10 2 7 10 4 1 8 6 1 8 2 5 6 5 6 8 10 1 2 7 4 9 10 7 6 7 9 2 2 9 9 4 2 6 10 6 9 5
22 7 3 2 5 10 9 5 5 8 8 5 4 3 1 7 3 9 9 5 2 1 2 4 8 8 2 6 6 10 3 7 9 6 7 3 8 6 9 2 4
23 4 7 5 10 7 1 8 4 5 9 8 6 8 4 5 7 3 9 6 6 5 4 3 4 3 3 6 7 7 1 9 6 2 10 7 10 8 8 9 3
24 5 4 4 5 8 5 6 10 7 1 8 6 2 3 10 4 7 6 4 9 3 6 4 3 8 7 4 10 2 3 8 10 5 4 8 6 3 10 6 2
25 1 2 9 2 10 7 4 4 6 4 5 3 8 5 7 9 6 8 4 8 9 1 8 10 1 6 9 10 4 5 5 1 4 10 8 7 6 9 1 8
26 7 3 4 9 3 8 9 7 10 4 8 10 10 7 1 3 3 5 2 5 9 7 6 4 1 1 1 5 4 10 6 7 2 8 7 5 5 4 7 3
27 8 4 8 6 10 2 4 1 2 1 4 4 4 10 2 10 8 1 8 1 2 3 7 4 10 6 4 4 8 8 6 7 8 10 5 5 10 8 6 10
28 5 2 3 1 5 10 10 9 4 4 6 8 5 5 8 4 8 9 9 4 6 8 10 2 6 3 1 4 7 7 4 1 3 7 3 2 4 3 6 10
29 2 5 2 2 9 4 9 10 7 1 1 9 1 9 8 8 5 8 10 1 2 2 1 6 5 10 4 9 10 4 5 3 5 1 2 7 1 5 7 8
30 5 4 1 1 5 5 10 1 3 4 8 1 5 7 4 10 1 2 7 4 8 8 6 6 6 1 4 3 6 5 5 8 5 3 3 4 6 2 1 5
31 8 1 1 3 2 6 6 2 5 5 3 2 4 7 5 2 5 1 7 3 9 9 10 10 9 6 8 2 3 9 7 1 5 7 4 3 7 3 4 4
32 9 8 6 7 4 3 9 7 8 6 4 10 6 2 2 9 4 7 2 1 8 5 10 3 4 6 4 10 10 9 6 2 2 3 4 8 2 4 4 1
33 8 2 4 10 7 4 5 2 3 6 1 9 7 2 9 4 7 8 2 7 9 6 9 2 1 4 5 7 6 5 7 3 10 1 10 10 2 5 4 5
34 4 6 5 9 1 10 6 4 1 1 8 2 3 1 8 7 5 3 5 2 10 1 8 3 2 7 9 8 9 9 4 4 8 4 9 9 1 2 10 7
35 5 1 7 3 9 9 3 7 2 4 8 4 8 4 2 9 4 9 8 9 2 6 3 8 4 9 1 3 4 7 2 5 1 7 8 3 3 9 3 10
36 5 5 2 2 5 1 9 1 1 10 1 8 9 7 8 5 2 8 2 9 3 4 5 10 2 10 9 9 8 7 6 2 10 4 2 10 9 1 3 9
37 10 9 8 3 8 10 5 8 5 1 4 4 10 10 2 9 4 5 6 6 4 2 3 3 3 3 8 6 1 1 5 3 6 3 1 5 10 9 6 1
38 3 10 5 6 8 7 2 10 3 9 8 3 7 1 4 1 2 5 8 7 6 4 9 6 2 10 4 4 1 4 4 7 5 4 7 7 9 3 6 5
39 1 4 6 2 6 1 7 7 9 10 3 2 7 10 1 3 2 8 7 8 4 9 6 5 7 7 7 4 10 7 7 2 6 8 2 2 10 2 5 1
40 4 5 4 4 5 8 1 10 4 2 8 8 7 1 5 9 6 8 3 5 9 1 3 5 4 7 9 4 1 4 8 8 8 6 1 3 10 9 8 4
41 2 5 3 8 3 4 8 9 1 4 7 8 3 2 4 6 2 1 1 1 9 9 3 2 6 4 3 2 3 10 7 1 1 2 1 1 10 3 7 8
42 6 3 4 2 2 1 4 5 3 1 7 4 7 2 10 10 7 7 7 7 10 8 6 3 1 7 6 10 4 1 1 9 6 8 10 10 10 8 6 10
43 2 1 1 1 6 6 3 5 7 1 3 5 3 8 2 2 2 4 5 10 8 4 10 8 10 5 5 3 7 8 3 7 6 10 2 10 8 1 9 9
44 1 7 9 7 7 2 1 3 9 1 2 5 6 2 8 3 1 3 9 5 1 3 4 4 7 4 10 6 1 8 3 10 8 9 1 8 8 3 6 5
45 6 7 3 8 3 3 10 6 9 4 2 7 9 10 10 4 6 3 6 3 7 7 5 5 3 9 3 8 3 10 8 6 3 9 8 6 1 7 2 6
46 1 9 6 2 9 3 3 1 1 1 6 6 9 7 5 7 10 1 5 9 1 8 10 10 1 1 8 9 10 2 7 4 6 7 7 9 8 6 9 7
47 5 2 4 1 9 5 10 1 6 2 2 6 2 5 1 1 1 7 6 3 7 8 1 2 3 2 4 7 8 1 5 4 4 10 4 4 2 6 7 4
48 7 9 8 1 5 2 9 7 7 9 1 2 3 3 4 4 9 1 5 10 2 1 4 7 1 9 1 6 10 4 1 10 2 5 2 8 8 2 1 9
49 9 2 3 8 4 1 1 10 3 10 5 3 2 3 4 8 7 6 4 5 6 4 4 3 2 8 8 8 8 5 9 2 4 3 1 9 1 3 9 2
50 1 9 6 5 6 9 10 10 10 7 5 5 9 3 9 3 9 1 10 9 6 9 2 5 6 9 3 5 3 3 1 7 8 9 4 3 5 10 10 5
51 9 6 9 8 5 10 8 10 9 5 7 10 1 8 5 4 9 2 10 7 9 9 7 4 7 3 4 4 8 8 8 4 10 1 2 5 3 4 3 8
52 5 10 3 6 7 5 2 10 9 1 1 5 3 5 7 9 1 4 8 1 7 4 7 7 5 6 3 2 8 3 10 10 1 6 1 9 1 3 3 4
53 8 7 3 7 4 6 5 1 6 1 8 6 8 6 4 2 10 5 6 1 5 7 2 5 1 2 5 2 7 9 3 7 4 5 8 7 8 1 8 5
54 4 5 4 6 8 8 9 8 6 8 6 8 4 5 5 7 7 1 1 4 7 6 9 1 4 5 5 6 6 3 9 8 3 7 3 8 8 6 2 3
55 8 8 9 10 1 4 9 5 8 7 9 9 1 4 7 8 10 4 10 7 5 1 10 1 10 2 1 1 3 3 10 6 10 10 7 3 2 9 2 7
56 3 4 8 2 6 5 10 3 9 1 3 4 7 4 3 8 2 3 8 9 3 10 1 3 8 4 4 4 3 5 4 7 2 7 7 2 4 3 4 8
57 10 3 9 2 8 6 5 4 3 10 9 5 9 3 2 10 7 5 9 9 10 10 3 4 7 7 7 9 9 4 10 2 6 4 5 10 2 1 7 2
58 3 8 9 7 6 3 8 4 6 2 3 7 6 5 2 10 4 8 6 9 4 7 2 7 7 5 2 9 7 8 8 2 10 5 10 10 3 4 5 8
59 8 4 1 5 1 5 4 3 6 5 9 10 3 7 6 1 3 5 1 7 2 4 7 10 10 6 8 6 10 1 6 9 10 4 3 9 7 7 5 3
60 4 1 5 6 8 2 9 4 3 7 6 7 9 10 9 3 9 9 8 7 7 10 2 3 5 3 5 4 4 1 3 5 1 2 2 2 4 6 2 7
61 10 6 9 3 8 6 9 8 3 2 7 4 2 10 3 8 7 6 1 7 10 3 9 8 5 10 2 4 3 1 8 10 10 2 2 5 1 2 7 8
62 8 6 2 10 9 10 5 4 10 6 5 9 10 9 7 10 1 3 6 5 6 8 9 3 7 4 6 5 10 2 5 4 4 3 6 8 3 10 1 1
63 10 6 6 7 4 3 9 7 9 6 3 3 1 2 6 7 4 4 6 3 9 2 5 7 1 7 3 3 4 6 1 2 2 4 4 1 9 10 1 5
64 9 9 7 9 8 5 10 9 10 9 8 8 9 3 8 6 5 9 1 4 6 6 7 10 7 7 1 8 9 10 7 4 6 3 5 8 2 8 2 4
65 8 7 1 2 4 4 4 6 3 4 6 4 2 7 10 5 4 1 7 8 5 9 9 4 4 8 1 4 9 5 1 9 10 2 2 8 1 7 4 6
66 9 3 3 5 2 6 9 10 1 7 5 6 5 5 3 6 4 3 4 7 8 8 10 10 2 2 3 1 9 5 10 7 2 9 4 6 3 1 5 5
67 1 1 10 5 10 3 6 4 4 5 4 5 6 8 10 10 10 5 9 1 2 5 1 1 3 4 2 9 7 6 10 6 1 2 10 5 4 9 3 2
68 4 5 5 2 1 2 7 10 4 7 1 8 8 5 3 8 8 1 3 10 7 6 10 8 9 8 4 7 7 6 1 5 1 3 10 5 6 4 7 1
69 9 1 4 7 8 2 3 5 10 2 4 2 9 8 10 10 7 8 1 5 1 1 2 8 1 3 1 2 3 9 1 5 9 8 5 5 5 7 4 4
70 7 3 9 8 1 1 1 10 8 4 10 2 9 3 8 9 7 9 9 4 2 4 1 5 8 3 9 9 5 9 10 2 4 8 8 2 3 3 3 6
71 10 9 3 5 9 2 7 1 3 7 5 9 10 7 7 5 1 5 4 4 2 3 10 1 6 1 3 1 2 4 10 3 10 5 3 7 10 4 6 4
72 2 1 1 9 10 8 4 7 4 2 2 5 5 1 9 8 5 2 10 5 10 2 3 7 1 3 1 4 2 6 7 5 7 8 3 6 4 6 10 6
73 9 5 7 1 9 2 4 2 10 6 9 5 6 9 5 5 4 2 4 6 1 2 1 9 7 7 3 2 9 10 2 3 6 9 1 1 9 8 3 8
74 2 10 3 9 9 7 6 7 7 8 4 1 4 10 8 6 2 5 6 6 4 2 3 8 8 9 1 6 5 5 9 7 3 5 4 1 8 3 3 9
75 7 6 6 1 7 5 4 10 10 7 7 4 6 6 7 6 8 3 1 3 1 9 1 8 10 7 10 7 8 9 3 9 3 3 6 4 7 9 9 10
76 6 5 3 8 7 2 6 4 7 1 4 10 7 5 1 6 4 8 1 3 3 2 10 4 7 9 3 1 6 5 7 9 3 4 8 2 8 3 6 5
77 3 7 7 2 3 1 5 4 5 10 9 7 1 4 4 4 7 4 9 6 6 7 9 4 6 3 8 8 10 4 10 10 3 4 9 3 7 9 9 7
78 5 3 10 10 1 6 1 1 3 7 5 8 1 8 1 2 1 4 8 7 4 4 3 4 2 3 3 5 2 1 3 8 5 5 5 3 8 3 8 4
79 10 2 1 6 4 10 2 9 7 1 2 5 5 6 6 9 1 6 4 9 6 6 1 6 4 7 5 7 1 10 1 3 3 3 8 1 9 10 10 10
80 8 7 2 6 7 6 2 2 5 2 8 4 8 2 6 5 6 6 1 7 5 3 5 5 4 4 10 1 4 4 9 7 1 7 2 4 5 4 1 6
