10
1 9 3 2 4
2 10 12
3 14 18 19 6 13 12
4 19 8
5 19
6 20 7 19 5 9 18 16 8 1
7 11 9 6 12 10 4 18 15
8 12 15 1 3 8 4 7 18 19 6 16 11 20 10 17 9 14 5 13
9 7 11 16 1 18 2 19 17 14 9 8 5 4 12 3 10 15 6
10 9 20
20
1 1 1 3 1 6 2 3 2 1 7
2 10 1 5 10 6 10 2 2 6 3
3 2 6 3 9 10 7 4 8 7 1
4 4 5 4 2 6 2 2 3 5 9
5 5 5 10 3 9 8 6 5 8 5
6 9 4 3 7 2 6 9 10 4 10
7 2 8 4 2 2 9 4 9 8 1
8 2 2 8 4 2 6 1 8 3 3
9 9 4 9 3 3 7 3 10 7 2
10 1 6 4 7 7 10 6 2 6 5
11 10 10 9 3 1 6 7 4 9 2
12 7 7 2 7 8 9 3 7 2 3
13 10 5 5 2 8 2 2 5 7 1
14 4 8 9 7 1 6 1 6 1 8
15 8 2 8 5 7 10 9 9 3 3
16 4 4 7 3 9 9 9 4 1 1
17 8 2 6 5 10 3 7 6 7 1
18 8 9 10 2 1 7 4 4 5 6
19 10 5 2 7 3 5 5 3 6 1
20 4 2 10 5 7 6 8 3 2 2
