30
1 28
2 15 10 23 49 11 13 1 8 20 7 36 30 28 37 48 9 3 18 21 27 33 17 46 38 32 44 24 43 26 29 19 16 6 50 5 2 45 4 40
3 23 4 7 25 11 29 42 2 27 16 49 43 9 44 14 47 3 37 48 5 17
4 38 48 39 31
5 30 8 7 47 10 16 21 12 37 28 46 50 40 39 45 5 43 42 31 27 1 11 14 22 26 49 18 23 17 2 15 35 6 29 3 41 48 9 38 4 24 33 25 36 20 34
6 50 47 11 4 39 10 33 13 42 3 27 2 17 15 29 12 28 34 35 7 9 44 45 1 40 18 16 25 14 21 23 36 19 8 49 22 38 46 6 32 26 43 20 48
7 26 45 5 46 36 41 3 29 18 28 31 38 37 6 48 23 20 2 15 47 43 40 12 19 42 34 39
8 23 8 3 50 32 43 26 37 18 47 29 4 25 39 41 27 20 14 44 15 49 1 33 30 42 13 11 16 28 22 19 17 31 12 21 6 24 38 48 34 40 35 36 46 2 10 5 7 45
9 49 35 24 15 45 47 43 9 21 3 37 40 50 20 2 36 22 19 11 4 39 6 17 29 33 27 32 30 48 12 26 1 10 5 13 23 14 41 44
10 41 28 40 47 49 21 15 37 10 29 27 36 20 16 23 42 24 33 31 22 30 5 35 18 7 25
11 36 26 6 29
12 39 11 50 17 44 5 7 4 27 43 40 25 32 28 45 21 23 10 38 31 34 46
13 28 4 39 9 27 13 11 47 15 21 19 40 49 3 24 1 5 17 26 7 16 18 45 31 38 23 42 20 46 35 48 43 22 12 25 34 2 37 8 33 30 36 29 44 41 50 6 32
14 46 27 37 21 7 6 5 31 25 30 35 14 50 13 10 45 43 41 36 38 48 3 18 24 39 11 16 20 44 47 28 42 2 23 34 26 32 49 8 22
15 37 1 34 27 6 39 11 48 32 38 17 14 33 22 47 5 12 30 26 46 3 21 45 41 19 49
16 50 37 27 38 14 10
17 34 21 45 3 15 12 32 47 18 50 5 16 6 25 29 17 40 43 35 39 27 20 41 10 14 9 28 22 44 11 8 24 38 36 33 37 31 1 30 26 4 49 7
18 44 2 38 36 15 41 39 49 24 28 14 42 27 22 8 23 29 50 17 5 30 48 6 7 21 18 10 1 9 40 33 20 11 37 34 32 45 16 12
19 8 22 32 6 47 30 25 45 12 33 35 5 18 42 26 2 16 13 3 4 31 20 19 14 21 50 15 40 38 9 39 44 41 28 49 1 7 27 34 43 37 36
20 21 17
21 27 21 31 44 12 3 50 13 1 29 38 20 11 32 19 5 48 4
22 22 17 23 13 1 5 18 49 14 37 10 16 25 33 41 3 2 32 4 36 50 26 35 11 47 40 9 20 39 43 21 42 45 48 8 27 29 6 46 24 31
23 22 48 14 2 28
24 41 21 45 36 15 24 18 5 30 29 25 37 2 32 43 40 10 27 9 46 49 44 31 47 35 16 14 13 8 6 11
25 17 2 16 12 50 10 33 40 7 44 46 41 37 31 25 1 43 35 20 32 21 3 38 45 18 48 9 47 13 19 27
26 22 38 23 25 34 12 36 32 31 2 4 14 33 6 29 40 50 26 35 13 24 30 42 18 10 16 17 48 49 3 5 47 28 19 1 46 7 45 11 39 41 8 21 27 37 44 9 20 15
27 20 34 24 15 21 13 50 9 7 16 30 43 11 40 12 26 23 44 36 29 49 17 31 32 28 25 48 6 4 5 3 1 38 10 8 18 22 27 41 33 46 35 2 19 37
28 9 29 24 45 14 38 34 3 10 12 17 27 32 2 30 8 40 5 6
29 26 17 50 37 11 19 6 32 16 39 36 12 4 45 48 34 46 13 33 8 29 9 35 14 20 22 31 1 42 44 30 7 23 2 10 15 21 41 24 28 38 40 49 5 25 47 18
30 24 33 26 40 25 32 42 2 14 46 36 28 43 13 37 17 3 27 5 11 49 38 41 10 44 4 6 19 7 39 30 50 21 47 15 1 48 20 29 9 45 34 31 23 22 8 12
50
1 7 2 8 2 8 1 6 8 3 2 4 3 8 6 9 7 9 10 10 2 10 2 4 2 10 6 3 3 5 3
2 6 6 5 9 6 4 4 8 9 9 9 5 5 9 8 5 3 1 8 5 7 8 9 10 4 2 8 2 4 4
3 1 10 1 10 10 10 2 3 3 8 9 2 4 10 5 7 1 5 3 8 10 9 8 7 9 10 7 9 5 5
4 8 2 8 8 1 7 4 10 5 10 8 2 7 9 1 6 8 6 10 4 4 6 4 5 8 5 10 1 6 4
5 5 3 4 4 1 1 1 9 1 1 8 8 9 9 6 6 4 7 6 1 10 2 10 6 8 6 3 1 8 1
6 1 3 4 7 10 7 4 3 1 5 3 7 1 7 5 2 1 6 1 1 2 1 6 3 4 2 5 9 4 7
7 9 6 10 8 8 9 9 5 10 5 1 8 10 2 9 5 1 1 3 3 6 2 2 4 10 3 6 5 3 1
8 10 5 1 10 7 2 3 8 7 8 7 8 7 3 2 10 7 8 4 9 1 3 4 4 3 2 10 3 6 2
9 3 1 10 10 1 10 1 4 5 2 9 3 1 10 2 9 2 4 10 3 6 7 2 1 9 7 5 10 1 8
10 1 3 3 8 2 7 10 10 8 9 2 2 5 9 4 8 1 8 7 9 1 2 6 4 4 10 8 8 2 5
11 3 10 2 7 2 5 2 8 2 8 10 10 3 3 9 2 6 2 5 9 5 9 10 4 4 9 6 2 1 7
12 9 6 6 8 10 4 8 4 9 9 10 4 9 10 1 10 2 3 1 4 4 1 8 7 4 10 2 10 4 7
13 6 4 1 7 9 1 4 10 5 4 3 10 4 3 2 8 1 3 2 9 10 10 6 2 4 6 5 6 7 6
14 5 7 6 6 7 7 2 2 8 10 3 10 3 9 3 5 2 5 8 10 4 1 9 2 10 6 2 4 7 3
15 5 2 5 10 5 5 2 6 8 7 6 3 6 6 2 4 1 6 1 1 4 6 8 8 7 4 2 5 4 3
16 4 5 3 2 8 7 2 1 3 5 7 2 5 10 6 3 6 1 2 3 4 4 3 5 5 2 9 6 5 9
17 9 8 9 9 9 4 8 4 6 1 3 10 9 3 7 5 8 1 1 2 8 8 9 10 5 6 3 8 4 4
18 10 1 8 9 8 1 1 8 10 5 5 7 2 4 5 8 10 4 7 1 6 8 6 10 9 9 1 6 1 4
19 10 2 8 9 2 9 6 4 1 3 3 5 1 4 2 7 6 5 6 10 8 4 3 2 4 2 5 5 8 5
20 1 3 5 10 9 4 5 3 3 10 1 4 8 8 10 8 9 5 8 8 8 2 4 9 9 9 4 4 8 3
21 8 6 1 6 9 7 10 7 6 1 7 9 3 2 1 2 8 5 10 4 5 1 1 7 3 9 8 8 10 3
22 9 1 6 8 1 3 10 10 3 7 6 8 2 2 1 7 1 4 4 2 4 7 7 8 10 3 9 6 1 7
23 7 8 4 9 7 7 9 4 8 7 2 8 4 4 7 8 5 5 5 5 9 1 1 4 2 8 9 8 7 4
24 6 2 6 6 10 10 8 5 2 10 3 6 10 6 9 3 4 2 9 7 2 8 7 8 6 3 1 6 3 7
25 7 4 7 5 10 5 3 5 5 2 10 6 9 6 9 3 2 4 8 5 9 1 6 5 4 6 1 6 7 3
26 7 5 10 6 7 7 10 7 3 8 9 1 5 1 7 3 1 9 2 9 1 9 7 1 6 9 9 2 9 5
27 5 5 7 9 6 6 2 3 8 6 5 9 7 1 2 2 7 6 1 7 8 8 5 9 9 8 4 5 3 10
28 1 3 4 4 9 8 9 4 2 4 2 7 3 3 10 2 9 6 9 6 10 9 1 7 4 2 6 10 2 7
29 1 6 3 6 6 3 10 8 10 6 5 3 4 7 8 7 4 6 6 8 7 5 7 2 1 2 1 8 9 5
30 10 2 7 8 2 8 8 2 4 5 7 6 7 9 5 8 6 6 5 2 9 2 4 7 6 4 7 3 4 1
31 9 10 6 8 9 6 10 10 9 8 6 9 6 5 8 9 3 8 7 2 7 10 1 4 5 3 2 3 6 9
32 9 7 10 5 5 9 4 10 4 5 4 4 4 7 5 8 3 9 9 2 3 6 8 4 10 2 5 5 6 5
33 3 1 4 5 7 6 10 4 4 3 7 3 4 5 6 6 7 6 10 4 6 3 5 4 8 6 4 10 9 6
34 6 7 10 2 6 4 7 2 3 8 2 7 6 2 4 9 8 1 2 2 6 9 8 5 5 3 8 10 8 6
35 3 4 6 1 10 8 1 5 1 4 2 10 1 1 9 2 2 1 7 9 6 10 2 10 7 1 5 10 8 6
36 6 1 2 1 10 2 8 3 8 4 9 8 7 6 6 9 10 4 9 10 9 7 1 2 1 8 1 7 7 5
37 1 3 10 7 7 10 7 6 1 6 9 9 5 3 10 7 10 9 4 1 10 4 10 1 4 1 9 8 6 1
38 5 6 4 8 10 3 1 3 7 9 1 4 4 3 6 8 3 2 1 1 5 4 3 9 7 2 3 4 5 3
39 3 4 4 10 8 6 5 6 6 6 8 8 1 4 3 7 9 9 5 8 4 1 2 10 4 6 8 3 3 8
40 9 5 5 5 7 4 7 4 5 10 6 3 6 9 8 9 2 7 10 9 7 5 3 8 7 2 1 4 9 9
41 10 4 2 3 8 2 1 9 4 8 3 8 1 8 3 5 8 2 6 10 6 4 8 1 9 8 7 5 4 9
42 3 3 10 9 2 4 7 3 7 6 5 10 10 2 9 7 9 5 4 7 1 10 9 2 2 9 3 3 4 1
43 3 6 7 5 9 1 6 3 3 10 2 5 5 4 7 9 5 8 7 3 2 2 3 4 7 3 4 7 3 2
44 10 2 2 9 5 10 4 3 7 9 10 5 2 3 3 1 2 6 7 5 8 8 1 2 7 4 8 5 3 3
45 5 9 7 7 10 4 10 9 7 2 5 1 4 4 2 1 7 2 4 7 1 1 7 9 3 9 9 9 6 9
46 1 2 6 8 5 10 3 9 10 8 4 4 5 9 3 2 2 7 6 8 9 9 4 6 3 7 8 3 6 5
47 9 5 9 9 2 2 5 8 10 7 8 8 4 10 6 9 1 7 2 7 9 5 2 9 5 7 6 9 3 10
48 3 4 10 2 5 8 2 6 7 6 3 10 5 10 3 10 1 5 7 9 9 1 9 3 5 8 10 6 7 5
49 4 2 6 8 3 5 6 1 10 3 4 2 9 5 5 1 3 4 3 9 2 5 4 6 5 1 1 5 8 4
50 6 1 10 3 10 7 1 4 3 5 9 5 7 10 6 6 7 9 2 10 5 5 4 2 4 4 8 8 7 3
