20
1 34 11 19 5 6 20 26 2
2 4 30 38 33 18 34 14 21 39 13 2 8 24 31 3 26
3 31 10 27 28 32 14 25 15 22 11 23 4 12 13 2 36 3 20 24
4 27 35 1 15 25 26 33 12 37 5 18 30 24 6 17 32 3
5 28 7 1 12 4 24 6 19 36 25 13 3
6 39 30 28 32 11 20 22 38
7 29 21 4 15 28 5 9 7 18 37 1 27 13 32 26 20 34 23 22 30 24 14 3 36 16 17
8 9 20 17 31 3 27 25 11 19 23 16 13 37 2 38 1 28
9 35 20 28 12 23 8 25 6 17 18 37 39 15 14 36 32 34 27 40 21 24 38 16 4 31 11 26 5 19 22 7 10 30 2 3 9
10 2 27 14 40 21 37 22 34 38 1 4 29 9 19 6 23 16 24 12 33 17 31 32 25 26 10 11 15 35
11 18 28 38 10 25 13 34 26 5 14 23 32
12 4 39 9 14 18 34 21 10 26 20 8 31 32 13 23 37 5 24 17 22 12 16 11 33 3 35 36 7 30 29 1 2 38 25 19 28
13 19 38 10 35 8 37 18 20 40 29 39 30 12 26 4 27 25 28 16 7 36 34 14 24 13 2 17 33 3
14 20 19 25 36 4 2 16 35 40 17 1 3 21 39 10 14 33 29 31 37 26 5 15 11
15 4 27 26 16 40 9 19 13 12 17 8 34 18
16 4 31 5 16 2 14 30 7 23 8 39 9 29 20 12 11 26 1 36 21 10 22 38 13 17 15 35 3 19 32 28
17 5 2 36 40 17 39 31 25 35
18 25 22 16 38 31
19 40 2 21 37 10 32 4 3 25 19 36 33
20 39 24 18 34 7 30 4 29 8 21 10 23 27 33 17 15 25 16 22 12 6 32
40
1 4 2 1 6 4 6 3 5 2 5 4 2 2 5 7 7 2 8 8 8
2 4 7 1 8 10 6 4 7 4 5 1 7 10 9 5 7 10 9 5 4
3 5 5 10 2 5 9 3 3 8 2 6 4 3 6 4 3 9 2 6 9
4 2 4 10 10 8 10 8 9 5 5 3 7 3 1 4 10 10 7 3 7
5 4 4 6 9 6 3 6 10 8 5 9 2 9 6 1 7 1 3 9 8
6 8 2 1 3 10 5 7 1 5 3 3 1 3 3 2 3 10 7 10 8
7 9 9 9 2 6 6 1 8 2 2 7 6 4 3 3 2 6 8 2 8
8 9 5 9 6 1 2 9 5 7 3 6 7 2 1 2 3 3 3 8 5
9 5 8 8 5 5 3 5 6 3 3 7 1 8 9 3 4 10 4 6 3
10 9 7 3 9 8 1 2 7 6 8 2 10 5 9 4 6 10 6 7 4
11 3 5 3 8 8 6 5 3 10 8 4 8 5 6 3 5 6 2 2 8
12 8 3 3 10 10 9 5 5 7 6 4 4 7 2 10 5 3 6 7 3
13 4 10 2 5 1 1 3 8 1 8 10 1 4 7 7 5 2 4 3 10
14 7 4 4 8 4 9 7 2 8 3 10 8 4 7 3 5 2 2 3 8
15 2 8 4 5 5 5 1 4 5 3 6 2 9 5 7 6 8 3 6 3
16 8 10 1 1 5 2 9 8 1 6 2 8 5 1 3 7 10 9 10 1
17 6 4 3 9 2 3 7 3 8 10 4 5 2 5 3 9 4 1 7 10
18 3 4 3 5 7 9 6 7 6 2 6 7 4 7 8 1 5 6 8 4
19 6 6 8 8 6 7 5 5 10 1 10 3 10 8 10 7 9 6 2 8
20 9 3 4 5 4 6 10 4 7 5 8 9 4 5 6 3 5 1 8 3
21 3 5 6 6 3 8 10 7 10 6 1 8 2 10 2 4 4 6 10 10
22 8 6 2 10 10 1 2 9 10 7 8 4 2 5 7 7 6 4 6 4
23 1 2 5 3 7 9 7 6 7 1 1 5 7 10 10 9 5 3 4 7
24 7 7 5 10 10 7 2 6 2 6 4 6 10 3 10 4 3 4 7 10
25 7 4 6 8 5 5 4 9 8 5 4 8 3 2 6 3 1 2 6 8
26 6 7 3 5 4 2 3 5 7 1 3 4 4 7 9 2 2 1 9 1
27 6 2 4 7 6 8 3 7 6 1 10 1 8 9 5 2 4 7 1 3
28 8 6 10 2 3 7 8 5 6 1 1 9 1 5 5 8 3 7 10 10
29 7 1 9 10 5 1 3 10 10 4 7 10 9 9 3 8 4 8 5 1
30 9 8 4 1 4 2 7 9 4 7 10 6 6 7 1 7 4 3 10 10
31 2 6 4 5 9 1 7 5 3 1 8 4 9 8 6 6 10 1 3 9
32 8 9 3 10 9 9 8 8 4 3 1 2 9 7 6 10 10 8 6 7
33 3 10 6 10 5 10 2 5 6 10 4 8 7 8 8 10 1 8 2 2
34 8 10 10 4 3 2 4 3 9 7 10 9 4 7 4 7 4 7 10 5
35 1 2 2 4 10 7 8 3 4 10 10 9 5 3 6 8 7 6 3 3
36 6 5 6 1 1 3 8 5 3 1 6 10 6 2 8 7 8 9 3 4
37 3 8 4 6 2 6 7 1 3 6 7 5 10 7 8 4 5 4 5 1
38 10 10 10 7 7 10 3 9 9 7 7 8 5 8 7 10 10 2 10 10
39 4 10 3 9 3 10 3 10 7 3 5 4 5 7 8 7 3 8 5 10
40 5 2 10 6 6 5 3 4 1 7 5 4 4 10 8 1 1 3 6 7
