50
1 19 50 92 55 30 95 41 63 75 32 44 3 14 37
2 34 19 27 9 82 76 14 63 35
3 94 65 45 54 88 97 16 14 17 15 93 68 57 95 21 53 37 35 48 1 6 55 52 8 64 2 19 41 77 82 42 29 23 90 83 62 30 98 70 84 81 10 69 51 24 72 20
4 3 4 73
5 30 83 11 72 18 6 25 62 49 44 17 58 51 64 48 82 1 70 2 8 20 97 67 88 47 78 93 34 50 63 99 89 81 15 60 5 68 98 65 13 19 24 35 84 45 27 90 54 55 37 87 41 14 71 28 26 9 94 69 32 66 59
6 99 61 77 34 2 73 19 100 58 92 67 28 59 45 48 69 3 44 47 64 6 80 62 39 84 56 33 65 16 53 27 51 98 25 78 18 96 17 8 37 26 66 94 55 11 82 95 86 70 10
7 89 26 3 52 6 16 61 70 77 69 75 48 37 96 12 29 11 59 21 10 76 43 36 1 78 7 58 32 71 67 95 55 45 99 23 34 41 20 81 13 9 30 57 4 27 46 38 17 33 56 42 88 40 44 19 65 28 94 47 63 39 24 31 54 49
8 7 48 14 18 69 31 92 58 30 35 13 100 15 98 63 27 74 94 39 54 77 71 88 91 19 72 82 41 85 60 78 3 84 45 56 43 73 29 23 22 16 47 57 99 25
9 100 54 20 63 93 17 34 91 53 48 75 2 21 77 61 38 65 32 58 14 30 7 60 59
10 78 36 2 72 85 25 92 90 6 12 11 40 47 96 3 65 58 97 4 52 53 35 15 7 99 84 70 55 88 22 95 54 28
11 25 30 52 86 98 27 79 12 63 95 32 38 48 42 81 34 46 37 43 69 68 76 78 72 74 21 96 22 31 100 6 1 90 88 36 18 83 19 2 92 85 24 50 44 59
12 79 39 22 60 29 91 65 51 21 44 73 89 88 77 75 7 53 31 99 80 95 48 3 72 14 67 25 74 96 93 52 36 46 69 76 11 2 58 10 33 86 24 82 45 27 50 56 6 23 63 8 100 87 43 4 68 81 85 92 32 84 40 12 30 49 98 78 90 15 19 5 64 70 47 94 1 34 59 13 62 18 54 38 20 71 41 42 17 83 35 55
13 52 80 50 4 57 24 63 61 93 12 34 60 23 8 6 46 84 7 94 85 65 26 1 89 82 38 40 16 88 70 21 90 30 11 53 43 9 2 17 73 68 49 39 92 83 41 81 22 72 79 5 75 32
14 21 85 50 33 17 65 76 91 80 87 30 23 49 73 12 98 89
15 8 34 38 87 78 66 23 91 6 94 99 24 11 32 85 25 96 97 18 12 63 22 92 4 98 46 39 14 55 10 56 41 37 82 93 74 47 1 95 31 100 7 75 26 49 43 51 3 21 69 27 88 48 83 64 28 73 90 72 13 76 77 54 44 52 67 35 59 20 79 81 65
16 96 74 26 13 6 61 55 97 77 85 46 72 82 5 52 84 41 60 59 35 31 86 32 28 69 76 95 15 64 4 57 80 56 50 40 68 33 92 17 24 22 70 71 36 75 25 93 78 63 73 39 10 16 83 65 91 29 54 21 12 14 94
17 8 85 67 33 76 59 95 52 51 89 14 87 80 6 74 32 62 24 75 99 69 47 34 50 64 37 55 92 96 63 38 70 72 22 25 68 26 44 71 16 31 42 93 94 100 61 39 49 5 41 7 11 10 35 57 27 29 79 4 3 9 36 20 43 90 15 66 18 54 28 46 84 86 73 30 77 98 2 48 12 88 65 56 1 40 19
18 14 56 39 3 11 72 25 96 100 33 61 71 4 2 26 46 54 90 80 47 52 92 79 60 75 38 43 40 82 10 17 94
19 68 61 29 92 74 100 70 79 25 64 66 50 86 93 58 5 36 22 34 87 43 67 39 37 60 97 40 8 23 69 52 47 59 54 21 17 45 91 71 88 89 14 80 42 9 15 7 26 95 73 83 13 16 96 32 44 24 33 38 99 56 48 84 82 75 41 35 46 72 81 65
20 46 11 35 60 34 52 15 18 17 91 83 45 37 47 51 61 28 27 87 49 85 1 78 25 30 89 43 57 88 53 58 92 4 79 100 59 86 65 14 20 42 5 97 66 26 50 74 68 19 22 82 67 44 6 56 55 21 95 13 62 54 98 16 72 9 33 99 70 36 63 38 71 24 48 3 77 69 96 8
21 48 9 6 84 14 69 63 58 50 88 67 11 29 22 96 47 77 74 15 68 59 87 32 38 95 76 62 18 5 24 57 23 16 8 81 91 66 86 85 1 82 100 42 45 49 51 55 83 52 93
22 94 56 26 79 81 76 58 54 46 71 27 55 51 69 84 23 50 36 28 72 2 75 21 49 90 85 82 65 88 96 42 19 91 98 64 73 7 89 63 38 16 11 1 39 41 62 13 61 40 44 30 3 29 57 92 20 37 5 4 25 14 93 59 10 83 60 74 43 32 78 18
23 40 39 69 61 66 56 63 38 60 90 47 13 78 50 82 53 92 8 83 73 15
24 96 71 55 69 88 37 99 50 43 21 74 90 80 59 28 82 40 73 51 61 91 31 9 89 5 58 29 8 23 42 13 87 98 18 24 39 92 30 32 76 1 17 97 12 4 94 66 53 2 6 41 84 78 36 54 81 56 20 45 83 49 25 68 60 75 86 46 14 70 85 35 52 57 27 95 34 15 62 38 11 79 47 44 64
25 67 54 19 66 46 36 68 31 14 89 88 55 78 44 33 69 21 72 51 41 40 85 79 98 43 84 32 5 8 23 4 58 65 18 83 28 100 35 25 15 99 62 71 57 45 48 6 92 26 1 82 74 91 63 24 39 47 94 96 34 27 29
26 67 99 19 84 8 100 74 7 42 1 93 61 39 26 18 12 76 78 24 16 70 55 36 22 10 44 90 66 14 30 5 32 89 81 68 79 46 3 37 88 77 21 62 6 47 13 59 41 40 28 63 54 25 34 58 51 65 64
27 98 44 41 57 46 66 26 36 34 7 49 96 18 22 83 3 15 86 29 97 65 85 14 43 59 78 2 90 51 53 9 80 70 64 23 84 8 16 25 94 13 6 81 56 30 45 60 27
28 20 89 43 14 22 65 35 45 44 31 21 60 6 24 38 48 16 26 75 69 77 49 47 72 55 87 76 97 17 66 96 25 1 70 23 13 12 84 32 99 86 7 41 94 51 78 61 3 92 5 11 36 82 46 42 74 40 56
29 12 16 73 90 91 38 48 4 52 83 79 96 76 74 85 65 26 89 75 64 56 95
30 38 54 71 23 39 16 43 67 75 40 11 100 4 77
31 21 100 7 86 85 70 81 66 67 54 36 50 63 88 25 3 82 18 65 87 16 12 72 59 23 75 9 55
32 60
33 86 43 6 9 51 21 42 8 45 91 57 90 83 35 3 69 28 15 49 99 46 22 79 24 94 76
34 44 74 17 96 56 76 83 61 29 10 5 97 50 60 8 59 35 28 84 20 66 3 94 87 37 16 75 63 38 31 79 47 52 24 62 30 55 68 11 81 88 91 77 95 23 51 18 42 12 57 49 73 40 93 7 70 65 21 45 90 53 4 36 14 6 89 71 2 48 41 9 15 13 1 85 64 69 58 54 39 32 92 33
35 100 28 96 99 33 36 72 27 22 19 14 9 84 26 65 67 50 57 74 30 88 54 61 45 44 2 93 60 98 63 90 89 39 53 68 37 46 97 94 87 6 24 29 20 66 82 4 49 5 81 62 10 75 83 7 11 52 13 59 64 76 12 3 38 78 79 58 21 34 31 8 47 80 69
36 8 10 88 40 12 9 17 53 34 3 15 92 5 7 26 50 64 78 48 67 6 21 46 14 65 20 45 56 99 41 86 54 35 94 32 61 2 79 11 69 57 39 13 36 75 100 62 71 29 52 91 68 44 60 90 96 1 30 18 25 42 84 23 19 16 43 37 81 55 76 63 66 51 22 33
37 65 16 96 1 33 12 84 15 98 91 86 92 45 78 44 47 10 25 22 76 73 34 79 100 59 35 27 82 31 60 28 3 43 74 2 90 26 48 32 61 83 49 80 66 11 41 81 85 75 52 64 30 24 19 95 7 21 68 87 42 97 57 20 8 51 40 23 67 62 70 88 17 6 38 5 53 37 55 89 46 4 93 50 58 71 18 69 56 36 9
38 47 5 63 76 95 40 1 68 25 77 73 57 23 53 67 12 59 84 36 75 100 19 27 52 15 28 80 11
39 36 78 80 68 33 49 56 88 98 12 96 57 94 28 29 63 62 27 81 83 77 79 85 95 66 8 84 61 72 55 53 30 54 90 6 86 10 65 51 3 39 32 71 48 64 14 34 35 17 23 13 60 82 38 15 69 7 37 75 31 92 20 74 11 58 99 76 100 46 4 73 42 41 16 97 45 67 93 25 18 40
40 50 89 100 22 43 30 65 90 92 75 16 45 51 4 96 42 6 85 53 70 73 33 44 27 99 64 17 47 82 34 57 7 35 14 1 12 13 2 9 29 54 87 52 23 19 24 80 38 76 32 95 56 91 98 20 78 3 28 79 67 84 25 86 71 69 8 94 81 68 59 63 21 5 58 15 40 36 18 11 41 93 66 55 83 26 62 97 77 48 10 88 72 31 49 60 74 37 46 39
41 17 53 13 40 4 29 94 34 25 75 55 57 37 28 63 30 18 64 6 61 31 66 36 3 70 35 81 88 90 100 84 27 21 62 15 43 73 71 56 95 12 8 50 32 7 80 85
42 36 26 69 58 38 6 59 87 83 71 91 22 5 51 89 78 61 24 67 75 48 29 72 28 64 84 81
43 19 8 78 47 13 58 83 89 88 69 17 81 11 39 45 40 21 53 61 3 42 100 41 80 71 65 5 55 52 28
44 11 34 88 67 29 18 95 83 94 72 56 23 85 17 62 90 100 74 54 80 78 49 38 40 45 1 71 21 92 48 10 98 96 8 32 77 46 51 41 61 30 89 57 13 26 60 53 22 68 24 28 79 76 33 47 66 70 58 44 2 31 87 16 12
45 11 30 62 93 45 42 8 26 71 4 55 33 54
46 39 25 28 89 22 95 82 18 83 85 45 57 34 62 80 87 69 64 11 56 63 70 91 48 42 86 60 97 3 16 54 46 5 17 6 15 44 88 33 21 36 20 58 51 32 74 75 65
47 99 36 45 24 4 9 88 19 55 100 89 63 87 6 2 54 44 81 77 79 16 26 33 23 56 31 27 85 71 96 66 92 91
48 79 55 78 47 99 52 4 54 40 49 19 2 94 7 5 87 24 32 58 34 51 86 38 68 83 11 30 9 6 23 57 26 76 35 43 53 91 95 44 92 85 89 64 13 22 14 62 84 96 56 46 80 45 16 36 63 69 100 73 65 59 41 60 72 75 28 42 93 66 82 90 74 67 31 17 12 48 37
49 40 17 39 89 51 1 75 60 63 7 14 5 53 9 18 88 25 85 44 30 72 33 56 13 6 91 97 35 15 54 93 100 57 16 42 48 99 28 23 79 80
50 61 1 72 83 93 56 84 70 30 60 59 92 68 81 67 75 6 4 24 57 39 100 53 88 8 62 19 28 47 94 41 54 49 98 11 55 45 10 36 78 31 80 5 9 77 46 15 65 74 52
100
1 9 1 10 1 4 7 9 10 4 6 4 1 8 5 5 9 10 9 9 8 8 5 2 9 6 6 6 8 4 8 2 6 5 5 3 7 8 8 9 3 7 9 1 2 4 1 3 6 5 4
2 1 7 3 7 5 5 4 2 4 3 10 10 2 3 5 4 3 3 5 10 4 4 8 6 6 10 1 3 9 5 8 7 5 6 10 8 10 2 10 5 1 8 4 3 8 10 2 10 10 10
3 3 6 9 5 4 1 5 7 8 10 10 6 7 3 1 7 10 1 1 2 7 7 1 3 1 10 9 2 9 4 2 5 7 4 7 9 4 4 6 8 6 4 6 8 2 7 2 3 4 4
4 3 5 10 7 10 8 6 5 2 8 4 4 1 7 8 2 9 8 9 5 10 4 2 2 6 6 1 5 8 2 5 4 6 8 10 9 2 10 9 2 1 1 7 10 1 7 10 2 8 7
5 7 9 6 10 3 4 7 10 10 5 9 8 6 2 9 8 10 3 4 10 7 1 1 6 7 3 5 4 2 4 9 8 8 9 6 3 1 5 9 3 9 4 2 9 6 4 5 2 7 1
6 5 8 4 7 9 5 10 3 1 2 1 7 3 10 6 5 2 7 3 8 5 7 2 6 7 7 3 10 9 5 7 6 4 6 5 1 6 5 5 5 3 4 6 6 9 5 10 10 8 7
7 3 7 9 7 7 7 3 10 1 4 3 6 10 10 10 2 9 7 1 6 1 1 5 8 8 4 9 9 8 5 4 5 10 5 5 3 4 6 2 2 9 9 7 2 1 5 6 9 5 2
8 7 4 4 6 3 5 10 4 5 5 10 2 1 6 6 8 7 4 1 6 4 5 4 9 3 10 7 5 9 4 2 3 8 7 10 7 6 6 3 5 7 1 2 3 2 5 5 4 9 5
9 1 4 1 2 1 9 10 7 6 3 10 9 8 5 7 5 6 8 6 4 1 10 7 9 4 5 1 3 9 6 2 4 9 2 9 5 5 10 2 3 10 8 1 3 10 10 6 9 3 10
10 10 10 2 5 6 7 1 5 7 3 8 5 8 10 8 7 4 4 1 5 3 7 7 10 6 8 7 3 8 4 5 9 7 10 3 2 4 6 4 9 1 10 8 10 3 4 10 8 2 7
11 8 8 1 9 6 9 7 8 10 3 6 6 2 10 9 2 9 4 5 3 3 3 4 4 3 4 7 6 5 7 4 6 4 8 1 2 4 3 9 8 8 9 1 7 4 7 9 7 10 9
12 7 2 7 4 10 8 3 3 5 10 10 2 8 7 1 9 3 6 5 1 9 5 4 8 6 9 6 9 5 3 8 2 3 10 5 9 6 9 2 10 10 1 10 4 8 10 6 2 6 1
13 5 3 5 10 8 8 9 10 5 7 7 1 3 5 4 5 7 3 1 1 2 1 4 9 4 9 7 6 4 2 3 1 4 8 6 9 5 7 8 8 8 7 3 8 10 10 10 10 5 2
14 4 7 4 9 3 2 1 4 1 1 5 2 5 7 2 7 2 1 1 7 9 9 3 8 2 2 1 3 10 10 6 5 5 6 9 6 5 3 5 6 5 7 4 5 9 1 7 10 1 5
15 7 1 8 9 2 6 5 8 3 2 4 2 7 8 3 8 4 8 4 9 10 5 7 3 3 2 4 6 9 1 9 1 1 5 5 7 4 5 10 6 5 3 1 5 3 8 9 1 7 2
16 5 6 5 9 3 2 9 1 2 7 2 2 1 7 5 6 10 4 5 7 2 4 7 8 2 10 4 7 10 1 9 4 9 2 4 8 5 6 6 2 7 6 1 1 1 8 10 6 1 9
17 4 10 2 6 1 6 6 7 5 4 2 7 2 10 1 6 7 3 8 6 2 1 5 10 10 6 8 1 8 10 1 2 8 7 2 5 8 8 6 2 5 9 3 1 5 8 8 10 3 9
18 3 8 1 1 4 8 4 2 8 3 10 10 1 8 1 8 4 6 8 4 7 6 4 8 5 10 3 10 8 3 1 6 7 1 1 8 4 6 4 1 10 7 10 10 5 8 3 1 1 6
19 8 2 2 6 10 3 8 1 3 5 7 10 9 6 5 4 1 9 6 2 9 2 9 6 3 3 4 9 9 3 8 8 5 5 4 2 9 10 10 4 9 5 8 5 9 1 4 4 8 6
20 6 10 4 9 3 2 8 3 7 3 7 3 3 8 10 1 7 1 10 7 3 8 4 5 4 3 9 10 5 5 4 10 9 3 4 7 1 9 6 7 6 7 4 3 8 6 7 2 4 9
21 3 10 1 4 5 10 6 6 5 1 10 9 4 2 2 2 2 2 7 10 5 8 5 5 5 8 8 6 2 9 8 4 3 4 10 10 4 3 4 2 1 10 10 5 4 8 3 10 5 1
22 6 7 9 3 10 4 10 2 8 8 10 7 9 2 7 3 8 9 2 2 7 1 10 10 9 3 3 1 2 10 8 9 2 10 6 9 3 1 5 1 5 6 6 8 5 7 9 1 4 8
23 3 1 4 5 10 8 6 8 3 8 7 1 6 5 2 8 2 9 6 4 8 8 6 8 8 1 1 2 6 4 1 2 5 7 8 2 7 3 6 1 5 2 9 2 7 5 2 10 9 2
24 9 7 7 2 5 4 5 4 5 6 4 1 6 7 6 6 7 5 8 9 8 2 2 10 2 2 6 2 4 5 8 7 1 3 2 6 7 7 9 9 8 10 8 10 5 6 5 10 10 8
25 3 6 3 10 7 8 2 3 10 5 9 1 10 7 6 8 1 9 6 6 6 4 3 7 4 9 6 8 9 10 7 9 6 4 9 5 10 1 6 7 7 7 9 8 9 1 6 7 3 10
26 6 9 10 1 7 4 3 4 10 10 10 10 8 3 7 2 5 5 7 5 4 5 1 4 2 1 8 3 2 1 1 9 2 4 7 5 10 4 9 5 10 10 9 7 6 9 8 3 8 2
27 10 3 8 9 5 9 4 1 3 2 3 5 4 6 5 6 2 1 1 4 4 4 2 1 3 4 1 1 7 3 1 8 4 10 9 7 9 7 9 7 4 9 3 3 1 7 9 5 10 6
28 1 1 3 8 6 1 2 6 7 8 1 9 10 5 2 9 6 4 4 5 2 3 10 3 1 9 3 2 8 3 2 10 4 9 4 3 2 5 1 1 3 8 5 6 2 5 4 4 8 1
29 10 6 9 10 5 6 1 1 1 1 5 7 6 9 8 3 8 8 10 6 2 9 2 8 6 10 8 10 5 4 1 5 9 6 1 5 2 8 3 7 2 10 3 10 7 5 8 10 8 4
30 4 1 3 10 6 1 9 2 7 4 5 7 1 6 6 1 1 3 6 10 10 6 4 8 4 9 4 10 6 7 1 3 2 3 9 4 5 4 8 3 6 6 1 1 6 8 8 4 2 7
31 5 2 3 6 3 7 3 9 2 2 2 1 7 8 1 7 5 1 1 6 9 10 4 10 2 2 1 6 9 4 8 3 1 2 9 2 3 9 7 1 6 5 4 9 6 3 9 1 5 10
32 8 9 1 1 6 7 2 5 3 4 4 4 5 8 1 7 4 5 1 3 9 6 3 7 7 2 6 3 4 3 10 4 8 5 3 1 1 5 8 8 9 1 7 2 8 1 7 10 6 6
33 5 2 3 4 4 2 5 2 5 9 10 4 5 1 7 2 7 4 3 1 6 5 4 9 3 10 3 2 2 7 5 5 3 9 4 5 8 2 8 2 6 2 5 5 4 1 4 1 7 4
34 9 8 7 2 2 3 7 5 10 10 10 3 5 9 7 1 9 2 8 4 9 8 1 8 6 6 10 1 8 2 4 3 2 4 3 2 3 3 3 5 3 9 6 2 2 10 2 4 9 1
35 7 3 4 1 10 2 9 9 8 5 9 4 5 9 7 7 7 4 7 4 8 10 9 10 9 3 1 8 4 1 9 8 9 10 1 9 6 7 5 5 6 4 3 8 4 9 10 3 9 9
36 2 7 2 10 1 5 5 2 3 8 5 8 2 1 10 7 2 1 3 5 6 3 2 10 4 9 1 5 10 10 2 6 5 3 7 9 9 9 10 2 7 10 5 7 5 1 6 10 4 10
37 3 1 3 7 4 9 3 4 9 7 7 9 5 2 8 5 1 1 7 5 1 1 6 6 6 8 4 9 1 1 10 3 4 10 5 2 3 1 1 6 4 8 6 6 9 5 3 5 1 2
38 4 2 1 6 8 5 7 8 10 3 6 4 10 7 2 9 1 3 7 7 6 9 10 9 3 2 10 8 7 5 2 10 10 10 3 7 7 1 4 7 4 4 6 8 2 1 3 7 6 2
39 7 1 3 5 10 6 7 6 4 6 1 7 1 6 9 7 2 2 3 10 1 7 9 10 7 4 6 4 4 5 9 7 3 7 2 2 1 3 3 8 2 10 4 1 8 2 9 3 4 5
40 1 6 5 8 7 7 6 8 2 1 8 3 8 1 5 5 8 10 1 5 4 6 10 8 2 9 7 8 1 5 1 9 4 6 4 9 8 4 4 1 8 6 9 1 7 9 4 10 9 3
41 10 6 9 5 2 3 10 5 4 5 7 3 3 2 1 1 9 10 8 4 8 7 10 4 4 2 7 9 3 4 10 5 5 3 8 6 2 4 9 1 10 3 10 6 6 9 10 7 4 6
42 10 5 1 8 3 9 2 3 9 4 6 2 10 8 8 5 5 9 3 6 10 8 4 8 10 7 6 4 6 5 2 8 7 5 8 6 1 3 5 6 8 2 2 5 6 4 7 1 5 10
43 9 9 2 1 3 1 8 3 1 9 6 8 9 10 3 1 3 10 10 1 9 6 6 8 4 7 8 3 8 1 4 10 1 1 4 4 6 3 3 6 10 5 4 8 9 8 8 8 4 10
44 10 2 2 7 8 8 6 9 9 6 8 3 7 7 9 6 10 4 8 1 6 10 2 1 10 10 8 9 8 10 7 1 8 5 3 1 6 6 10 8 10 9 4 9 3 8 2 8 2 9
45 10 7 10 6 4 4 6 3 9 7 1 6 5 2 5 5 3 5 6 8 1 3 3 3 2 3 2 5 7 5 1 5 4 7 6 7 1 3 7 2 7 9 8 5 4 6 3 9 3 4
46 3 8 6 7 9 4 1 8 4 4 8 3 5 7 3 6 2 1 1 1 10 1 7 1 9 3 3 3 1 10 2 5 6 3 7 9 6 7 9 3 4 2 5 5 1 9 4 6 3 2
47 1 5 1 7 1 8 2 8 1 1 10 8 6 3 8 4 9 5 5 9 1 8 5 8 10 9 3 7 1 4 5 7 3 8 3 5 4 9 2 3 3 8 4 8 8 1 4 8 4 7
48 7 4 7 2 5 7 7 3 8 10 4 6 5 5 10 10 8 7 7 7 4 8 4 7 4 2 3 9 5 10 1 3 2 7 3 10 2 9 8 3 5 10 7 9 9 6 10 7 2 1
49 1 4 7 3 4 8 6 2 2 7 9 6 7 8 10 6 9 1 1 5 8 9 5 6 8 3 9 3 9 10 3 6 10 5 2 2 10 8 6 10 4 8 9 2 3 7 8 10 6 9
50 3 4 3 7 5 4 2 5 3 6 5 8 6 7 3 4 2 2 5 6 5 9 1 5 7 7 2 9 1 8 2 8 4 7 1 3 6 9 1 4 8 7 7 4 7 3 1 7 7 9
51 10 3 10 5 10 9 7 2 4 7 7 6 6 1 4 8 5 9 3 7 10 9 6 7 9 9 6 7 1 1 1 2 7 10 7 4 6 3 10 1 6 8 4 10 1 8 1 4 1 3
52 4 6 3 10 7 4 7 10 4 2 1 2 9 10 2 7 8 1 2 4 4 4 9 7 7 8 1 7 2 2 4 1 3 4 1 8 2 10 7 8 5 10 1 1 7 9 2 6 10 3
53 9 4 2 8 4 5 1 4 2 3 7 7 6 8 4 2 5 8 1 3 4 8 4 3 5 9 9 8 5 7 9 1 3 2 2 6 1 6 7 1 5 3 6 4 6 6 9 7 4 1
54 7 10 6 5 2 8 5 9 7 8 2 4 6 10 5 7 10 10 8 9 2 8 9 9 9 8 2 8 2 2 8 10 8 2 6 8 10 9 5 1 10 6 4 8 1 10 1 8 1 7
55 2 5 10 9 2 5 2 5 2 1 2 2 4 3 6 5 4 3 4 9 8 1 7 1 8 2 4 8 7 4 2 7 10 6 8 2 10 2 7 6 9 3 9 4 9 8 6 3 4 5
56 8 5 9 6 4 10 5 3 2 6 9 3 3 7 1 7 8 5 2 9 6 3 8 10 1 4 7 10 2 9 3 8 9 2 4 4 4 2 5 10 9 10 8 4 5 5 5 5 5 6
57 8 7 8 8 8 9 9 10 9 8 1 4 7 10 4 10 3 5 5 2 3 5 5 8 3 10 9 3 1 10 2 4 3 4 4 8 2 4 1 8 1 7 6 1 3 7 7 8 8 2
58 8 9 9 4 4 3 4 7 9 2 9 4 6 5 9 6 5 3 5 10 10 3 6 2 4 2 4 8 6 3 6 8 10 6 1 4 8 9 1 5 3 7 8 10 10 7 3 7 10 3
59 7 2 8 2 7 8 9 9 3 5 9 8 5 6 9 8 4 4 5 9 10 10 7 6 8 4 6 4 10 7 3 10 3 10 2 9 3 3 2 9 6 3 3 2 6 2 5 9 2 8
60 7 2 5 7 9 4 6 8 6 9 1 10 6 10 6 8 6 3 6 5 4 6 9 6 3 4 3 1 1 8 2 2 10 7 6 3 5 9 8 2 3 10 1 10 1 1 6 4 1 10
61 4 8 3 4 2 1 10 5 3 10 6 7 9 3 2 3 3 6 7 2 6 1 4 9 8 4 4 7 8 7 6 7 1 8 6 3 8 3 2 10 5 8 7 5 9 2 10 2 2 3
62 2 10 4 6 2 2 3 10 9 7 2 6 1 10 6 6 4 2 4 1 8 1 3 1 9 10 1 1 1 6 4 7 8 3 9 2 4 4 6 6 10 1 7 2 1 2 5 7 4 4
63 3 9 5 2 3 1 1 8 8 3 4 1 8 6 8 3 5 5 1 10 7 3 2 8 1 7 1 4 6 9 8 7 7 1 2 8 2 1 6 4 5 5 5 7 3 2 10 7 1 3
64 6 3 4 3 2 1 3 2 1 7 4 1 3 5 6 1 9 5 2 7 5 2 10 3 5 9 5 7 8 4 6 9 10 6 1 7 3 8 3 10 5 9 7 10 8 7 1 5 9 8
65 9 6 9 10 1 7 8 5 5 5 5 4 7 5 8 1 7 1 3 4 6 7 4 7 1 4 3 9 8 2 9 4 5 4 2 9 2 7 10 6 7 2 10 2 6 3 6 10 7 4
66 7 4 6 4 10 3 7 8 2 2 8 4 7 8 7 5 9 6 10 7 2 6 10 10 6 4 2 9 1 4 1 2 8 4 9 4 10 10 1 7 10 8 8 10 2 4 4 4 1 10
67 8 10 6 10 3 7 3 4 5 10 2 9 7 8 2 6 8 4 5 7 2 10 2 7 4 3 5 2 4 9 10 7 10 2 3 1 6 8 3 10 7 9 1 2 6 6 6 3 3 7
68 10 3 9 5 10 4 2 6 8 2 3 6 10 3 2 9 6 7 2 8 9 10 8 1 7 10 9 2 1 5 5 7 2 2 10 3 2 10 6 1 7 4 9 8 10 9 3 5 10 10
69 8 8 8 1 5 4 4 2 7 6 7 8 4 7 6 9 5 4 2 4 8 3 10 5 1 7 2 9 5 4 4 8 7 6 7 4 1 8 1 8 10 6 2 4 7 1 4 4 9 3
70 8 2 3 6 7 2 5 10 7 9 6 2 5 6 5 5 7 10 7 10 2 10 3 3 3 7 6 8 10 10 3 5 6 10 8 10 5 5 7 10 1 3 4 7 8 5 1 9 1 2
71 3 3 9 4 8 1 6 5 4 3 5 2 3 5 9 6 3 3 2 8 1 1 5 1 2 2 8 2 8 9 10 9 4 3 10 9 1 8 5 8 3 6 10 8 3 10 10 3 6 3
72 7 6 3 8 1 4 8 5 6 7 6 3 9 9 5 3 4 9 9 1 2 5 4 7 7 5 5 10 8 1 5 2 3 4 6 9 6 4 2 4 5 10 6 8 8 8 1 1 10 7
73 6 5 10 4 7 10 2 5 7 6 7 6 9 4 7 6 9 10 7 4 4 6 2 2 8 8 1 10 6 3 2 2 2 10 9 5 7 6 10 6 2 7 2 8 10 1 3 2 9 4
74 2 1 1 2 5 1 2 3 10 4 10 8 9 6 3 10 5 3 1 4 6 9 3 5 9 7 9 1 4 4 4 3 7 7 9 2 4 10 8 5 10 10 4 9 4 7 4 5 10 6
75 6 10 9 4 5 10 10 5 8 8 6 9 1 8 4 8 4 4 1 9 1 8 6 1 2 7 3 6 3 7 2 4 3 10 3 6 2 2 8 2 6 9 9 3 8 4 9 4 6 9
76 10 10 8 3 5 6 4 7 10 1 9 8 4 9 3 1 1 5 9 3 10 9 2 6 2 6 2 7 8 5 6 3 5 3 10 2 5 5 4 2 10 3 3 2 8 2 4 8 5 9
77 9 10 9 7 5 10 9 5 3 5 2 2 2 9 1 10 2 6 5 5 2 9 1 7 9 3 8 8 1 3 2 5 2 7 7 3 2 7 1 5 6 8 9 9 3 4 9 3 3 6
78 10 4 5 2 10 2 3 5 8 2 2 10 3 2 1 6 7 1 10 10 8 9 1 9 10 4 10 2 6 9 5 2 6 5 2 1 1 8 7 1 7 8 3 4 6 5 5 7 8 9
79 10 6 4 6 5 3 7 1 10 3 5 6 10 1 6 2 6 7 5 9 8 2 1 4 1 3 6 8 5 1 3 8 1 7 5 8 2 6 10 9 8 7 3 7 6 5 10 6 8 9
80 3 3 10 9 2 5 5 4 10 1 2 10 1 5 5 7 2 2 3 6 9 9 2 5 6 8 6 10 9 10 1 2 5 2 5 9 9 5 4 2 2 3 10 1 2 5 4 4 6 10
81 8 10 9 6 9 6 5 5 10 2 2 6 8 8 10 7 2 1 5 3 10 5 7 1 7 3 6 10 2 8 10 2 1 9 4 8 2 1 4 1 2 8 6 5 10 3 2 3 5 6
82 5 2 2 1 9 10 6 3 1 7 6 10 7 7 10 1 4 8 7 3 4 9 6 10 5 4 9 4 9 9 4 10 10 5 4 4 1 8 7 8 10 9 1 9 10 2 3 5 6 9
83 10 3 4 1 10 4 2 5 8 8 9 3 1 1 4 7 10 4 10 1 2 2 3 10 3 8 1 7 7 1 10 9 5 9 2 9 9 3 1 2 6 8 2 1 7 5 9 6 10 9
84 8 9 1 1 10 3 9 4 9 4 4 2 6 10 3 4 4 3 9 7 6 7 7 8 5 10 10 10 2 8 10 3 10 4 7 3 4 9 1 6 8 8 5 2 7 4 1 5 1 3
85 2 5 3 3 10 1 4 3 8 8 5 10 3 6 7 9 3 7 8 5 8 10 5 1 4 2 8 6 5 9 7 6 2 9 4 7 8 9 8 10 2 6 1 7 4 6 9 8 5 6
86 6 1 7 2 1 9 6 10 1 9 3 9 10 5 6 5 7 4 3 1 7 8 5 7 8 6 4 5 5 2 3 2 7 3 7 5 3 3 10 7 7 8 5 8 4 1 3 2 6 4
87 4 9 1 1 7 5 3 4 1 5 7 6 5 2 4 1 7 6 2 6 1 2 8 1 8 7 10 1 5 1 6 3 10 3 4 9 1 7 2 5 2 7 8 3 5 9 4 1 1 7
88 4 5 5 6 10 2 1 7 4 9 7 8 9 3 8 9 4 8 2 8 7 1 2 8 10 2 2 9 2 1 5 6 4 5 3 3 3 10 1 9 8 6 10 3 3 9 6 1 3 9
89 9 8 9 7 9 4 3 7 4 10 4 7 4 6 10 1 4 9 6 9 9 1 1 5 7 10 7 4 9 10 1 3 9 8 8 4 7 2 8 2 5 5 6 10 2 4 5 5 9 4
90 5 2 1 8 1 9 7 10 4 10 7 7 10 3 7 5 6 8 7 6 1 1 7 9 2 10 2 7 1 5 10 2 6 2 1 9 7 10 7 9 2 8 10 5 10 8 5 4 3 1
91 4 9 2 3 9 5 5 9 9 5 7 7 10 10 1 5 1 9 1 6 5 4 10 9 4 6 10 9 7 7 4 3 7 9 2 3 5 7 6 9 7 9 1 4 5 10 8 6 3 10
92 5 7 4 7 9 2 2 9 4 6 9 4 3 1 7 2 10 10 9 4 6 5 1 3 10 5 10 7 9 1 6 2 8 6 8 3 8 8 5 9 7 9 10 10 3 1 1 9 5 2
93 9 1 7 5 9 9 3 6 7 4 10 1 8 9 8 2 2 8 7 5 9 5 1 2 1 1 5 5 2 6 8 6 1 5 8 5 9 1 3 7 4 3 9 9 9 1 2 5 3 8
94 7 8 3 5 8 2 8 1 4 7 9 4 6 4 5 7 5 2 6 4 4 5 10 5 10 4 8 8 4 8 9 6 5 2 9 8 7 9 7 6 8 8 7 5 6 4 10 1 4 5
95 9 4 2 2 1 6 2 1 6 9 4 6 10 7 9 9 9 3 4 9 3 2 7 6 4 4 3 8 2 2 8 1 3 8 1 9 5 6 2 4 4 7 10 6 5 4 10 4 2 4
96 2 9 5 9 3 10 1 7 6 9 1 2 8 9 2 8 2 9 4 9 10 3 8 3 9 7 2 10 8 8 3 3 5 5 1 5 9 1 9 6 9 6 10 9 9 7 6 5 4 7
97 9 7 6 6 9 5 1 2 4 2 10 5 4 10 8 10 3 5 5 1 4 2 1 9 1 10 4 9 10 6 4 4 7 6 4 10 7 2 2 4 2 1 9 6 7 2 1 6 6 5
98 9 4 10 1 4 3 2 3 7 5 9 9 9 10 7 4 2 5 6 7 3 1 1 10 6 10 2 10 9 7 8 1 5 2 10 10 7 3 9 1 9 8 2 8 10 9 4 8 3 4
99 7 8 6 6 9 7 2 7 10 2 7 2 5 10 1 10 6 4 7 1 10 9 9 10 5 3 7 4 9 5 10 3 2 5 2 3 8 7 7 6 2 5 2 3 4 6 3 2 6 1
100 8 3 8 5 7 2 10 9 6 7 7 5 6 5 8 5 2 3 7 3 3 6 1 5 6 2 10 3 4 1 7 9 5 4 9 1 5 3 9 9 9 2 6 5 10 6 4 6 8 7
