20
1 9 3 2 4
2 10 12
3 14 18 19 6 13 12
4 19 8
5 19
6 20 7 19 5 9 18 16 8 1
7 11 9 6 12 10 4 18 15
8 12 15 1 3 8 4 7 18 19 6 16 11 20 10 17 9 14 5 13
9 7 11 16 1 18 2 19 17 14 9 8 5 4 12 3 10 15 6
10 9 20
11 1
12 1 3 14 12 7 2 15 4 17 11 20 16 5
13 12 17 19 9 6 10 5 7 1 13 16 2
14 4 16 5 19 10 15 11 3 12 13 8
15 10 1 17 7 16 20 5 15 4 9 6 2 12 3 13
16 4 18 7 20 2 10 6 11 12 13 16 3 8 17 14 15 19 1 9 5
17 3 17 18 16 15 9 19 12 5 20 2 1 10
18 17 10 20 14 13 1 15 11 9 19 4 6 2 8
19 19 1 10 11 14 16 7 8 18 5 3 17 12 9
20 2 10 20 1 3
