100
1 28
2 15 10 23 49 11 13 1 8 20 7 36 30 28 37 48 9 3 18 21 27 33 17 46 38 32 44 24 43 26 29 19 16 6 50 5 2 45 4 40
3 23 4 7 25 11 29 42 2 27 16 49 43 9 44 14 47 3 37 48 5 17
4 38 48 39 31
5 30 8 7 47 10 16 21 12 37 28 46 50 40 39 45 5 43 42 31 27 1 11 14 22 26 49 18 23 17 2 15 35 6 29 3 41 48 9 38 4 24 33 25 36 20 34
6 50 47 11 4 39 10 33 13 42 3 27 2 17 15 29 12 28 34 35 7 9 44 45 1 40 18 16 25 14 21 23 36 19 8 49 22 38 46 6 32 26 43 20 48
7 26 45 5 46 36 41 3 29 18 28 31 38 37 6 48 23 20 2 15 47 43 40 12 19 42 34 39
8 23 8 3 50 32 43 26 37 18 47 29 4 25 39 41 27 20 14 44 15 49 1 33 30 42 13 11 16 28 22 19 17 31 12 21 6 24 38 48 34 40 35 36 46 2 10 5 7 45
9 49 35 24 15 45 47 43 9 21 3 37 40 50 20 2 36 22 19 11 4 39 6 17 29 33 27 32 30 48 12 26 1 10 5 13 23 14 41 44
10 41 28 40 47 49 21 15 37 10 29 27 36 20 16 23 42 24 33 31 22 30 5 35 18 7 25
11 36 26 6 29
12 39 11 50 17 44 5 7 4 27 43 40 25 32 28 45 21 23 10 38 31 34 46
13 28 4 39 9 27 13 11 47 15 21 19 40 49 3 24 1 5 17 26 7 16 18 45 31 38 23 42 20 46 35 48 43 22 12 25 34 2 37 8 33 30 36 29 44 41 50 6 32
14 46 27 37 21 7 6 5 31 25 30 35 14 50 13 10 45 43 41 36 38 48 3 18 24 39 11 16 20 44 47 28 42 2 23 34 26 32 49 8 22
15 37 1 34 27 6 39 11 48 32 38 17 14 33 22 47 5 12 30 26 46 3 21 45 41 19 49
16 50 37 27 38 14 10
17 34 21 45 3 15 12 32 47 18 50 5 16 6 25 29 17 40 43 35 39 27 20 41 10 14 9 28 22 44 11 8 24 38 36 33 37 31 1 30 26 4 49 7
18 44 2 38 36 15 41 39 49 24 28 14 42 27 22 8 23 29 50 17 5 30 48 6 7 21 18 10 1 9 40 33 20 11 37 34 32 45 16 12
19 8 22 32 6 47 30 25 45 12 33 35 5 18 42 26 2 16 13 3 4 31 20 19 14 21 50 15 40 38 9 39 44 41 28 49 1 7 27 34 43 37 36
20 21 17
21 27 21 31 44 12 3 50 13 1 29 38 20 11 32 19 5 48 4
22 22 17 23 13 1 5 18 49 14 37 10 16 25 33 41 3 2 32 4 36 50 26 35 11 47 40 9 20 39 43 21 42 45 48 8 27 29 6 46 24 31
23 22 48 14 2 28
24 41 21 45 36 15 24 18 5 30 29 25 37 2 32 43 40 10 27 9 46 49 44 31 47 35 16 14 13 8 6 11
25 17 2 16 12 50 10 33 40 7 44 46 41 37 31 25 1 43 35 20 32 21 3 38 45 18 48 9 47 13 19 27
26 22 38 23 25 34 12 36 32 31 2 4 14 33 6 29 40 50 26 35 13 24 30 42 18 10 16 17 48 49 3 5 47 28 19 1 46 7 45 11 39 41 8 21 27 37 44 9 20 15
27 20 34 24 15 21 13 50 9 7 16 30 43 11 40 12 26 23 44 36 29 49 17 31 32 28 25 48 6 4 5 3 1 38 10 8 18 22 27 41 33 46 35 2 19 37
28 9 29 24 45 14 38 34 3 10 12 17 27 32 2 30 8 40 5 6
29 26 17 50 37 11 19 6 32 16 39 36 12 4 45 48 34 46 13 33 8 29 9 35 14 20 22 31 1 42 44 30 7 23 2 10 15 21 41 24 28 38 40 49 5 25 47 18
30 24 33 26 40 25 32 42 2 14 46 36 28 43 13 37 17 3 27 5 11 49 38 41 10 44 4 6 19 7 39 30 50 21 47 15 1 48 20 29 9 45 34 31 23 22 8 12
31 12 48 45 13 21 29 8 22 30 36 16 37 11 50 47 4 24 34 25 39 2 28 27 7 40 5 20 49 15 6 41 42 1 35 3 31 26 10 32 14 23 19 43 17 9 38 46
32 45 9 11 24 2 22 19 44 13 6 42 41 46 30 50 15 29 21
33 33 42 43 6 29 5 45 8 14 48 3 15 10 41 19 20 1 9 23 47 27 17 28 18 4 46 40 2 31 13 21 44 16
34 47 1 32 10 18 2 48 39 6 37 29 21 16 41 35 3 26 34 19 43 40 11 20 31 45 15 4 12 24 14 25 30 9 38 27 23 13 44 46 17 50 28
35 16 24 27 28 49 40 29 32 7 6 35 21 15 48 47 33 11 36 31 46 37 2 18 9 14 34 20 23 41 19 26 50 1 5 43 10 45 44 25 13 39 42 3 30 12 4 38 22
36 9 26 43 34 49 19 31 36 15 20 38 25
37 35 2 10 45 40 18 46 25 19 13 48 20 33 21 47 8 30 31 27 12 29 6 11 26 24 5 37 7 42 43 34 14 39 32 22 36
38 31 9 16 49 17 36 33 19 27 13 2 46 26 34 10 20 7 11 44 32 35 29 15 39 40 4 42 28 25 18 30 43 3 24 45 48 37 47 6 23
39 18 10 30 12
40 41 33 44 28 14 5 24 12 4 36 3 49 45 16 22 50 39 11 25 27 48 42 18 38 10 40 30 31 8 32 9 2 47 1 26 43 35 29 37
41 9 31 15 24 34 21 44
42 19 34 16 14 11 29 1 27 44 22 13 17 39 33 26 47 48 28 42 2 23 35 32 37 5 4 25 38 10 3 12 20 30 43
43 43 3 9 13 22 31 23 39 5 47 28 34 14 18 50 25 30 1 48 17 42 11 37 29
44 48 1 38 3 35 21 17 42 37 14 10 36 45 47 39 4 23 49 24 6 27 40 18 20 32 16 43 26 13 25 44 9
45 33 19 10 5 18 13 23 27 16 11 7 3 14 38 48 22 4 21 50 6 31 20 44 30 25 32 1 49 36 34 37 28 40 42 46 39
46 12 11 40 26 15 23 1 16 43 50 32 22 10 30 36 20 41 38 34 31 7 17 29 18 44 25 33 6 35 37 24 39 45 42 9 27 14 47 8 13 5
47 40 34 48 39 30 16 46 38 35 49 15 27 6 44 41 3 8 42 50 2 22 24 43 20 19 45 5 32 12 17 47 1 33 21
48 9 21 11 12 7 33 3 2 16 32 37 45 38 4 35 34 20 10 47 41 39 42 6 26 49 29 17 24 43 1 14 46 40 13 28 5 27 25 50 22 36 18
49 38 2 48 6 8
50 9 18 20 14 30 38 26 16 43 36 24 40 2 17 37 13 6 21 23 33 39 45 27 29 11 31 41 47 42 15 32 44 5 35 19 22 4 3 50
51 1 15 22 38 19 36 24 26
52 12 13
53 1 5 36 32 46 24 44
54 10 21 27 32 25 47 26 24 22 34 46 50 1 12 23 20 31 19
55 4 19 5 29 1 24 21 16 45 42 32 46 13 10
56 7 50 43 22 26 1 42 13
57 25 38 46 50 29 10 35 8 43 48 2 18 23 15 16 31 49 3 36 28 9 27 12 33 24 13 40 37 45 26 7 6 39 22 17 44 21 5
58 22 27 38 35 1 34 33 43 50 46 23 6 7 10 42 32 44 29 2 15 30 19 37
59 9 18 25 29 1 10 21 3 19 4 16 13 37 43 7 8 38 46
60 15 41 28 18 30 11 46 5 31 37 20 24 22 34 10 33 9 42 40 17 8 32 16 44 47 49 39 29 43 48 19 12 27 25 4 23 50 36 21
61 4 16 17 47 34 39 27 5 18 31 8 2 46 28 1 9 6 49 48 24 43 45 25 38 50 21 19 36 15 32 37 42 30 35 29 10 20 40 12 22 33 7
62 7 26 45 27 1
63 29 18 30 50 44 3 40 2 31 37 27 46 7 32 48 39 43 20
64 46 19 37 12 13 22 17 40 2 38 16 29 4 33 34 1 41 9 26 8 50 7 49 11 32 43 27 45 42 21 44 18 25 5 28 20 6 15 36 48 14 31 35 39 30 47
65 15 7 11 16 26
66 44 32 10 26 36 24 33 50 1 13 4 18 19 30 20 9 27 6 2 14 25 29 31 47 42 43 37 38 41 46 15 34 8 22 49
67 17 50 4 1 10 37 33 13 34 28 30 2 3 19 16 21
68 32 26 42 50 29 30 40 22 19 25 12 1 23 2 48 38 13 4 14 8 43 44 39 35 46 33 10 37 21 5 3 15 7 36 49 18 27 17 9 34
69 39 16 40 6 45 31 35 43 48 19 46
70 45 13 6 16 9 30 35 50 47 19 34 36 21 32 1 40 18 17 29 38 14
71 49 19 30 12 5 8 6 41 35 17 23 11 42 33
72 7 24 28 2 8 9 12 23 4 29 33 31 25 5 35 32 11 48 27 3 40 20 10 49 37 44 42 21 16 26 46 14 36 41 38 19 1 47 34 6
73 6 17 21 12 47 1 19 8 38 49 45 36 15
74 15 49 36 46
75 40 45 46 22 18 6 50 23 43 37 15 42 5 2
76 45 26 8 25 13 11 27 34 17
77 23 40 49 34 9 16 35 47 24 50 29 5 38
78 46 44 14 31 4 29 2 45 16 42 27 20 26 47 24 49 1 28 36 5 18 48 22 41 43 40 30 8 3 23 21 13 19
79 38 5 13 16 44 32 19 25 10 1 35 23 33 28 45 48 14 27 34 9 11 3 8 43 26
80 30 45 17 6 34 33 24 38 44 28 21 49 36 27 14 31 47 32 50 26 20 4 16 25 41 10 46 18 23 12 37 15 40 2 13 42 8 9 19 22
81 44 9 7 43 5 26 50 21 37 29 12 10 41 35 28 46 23 34 2 22 38 49 47 16 39 3 24 19 30 40 4 20 6
82 25 37 26 46 38 2 42 9 20 50 48 13 32 19 6 40 22 7 11 47 3 36 18 16 14 33 45 10 35 17 44 28 29 24 49 1 39 34
83 23 7 6 11 50 17 19 12 32 46 16 13 49 36 24 4 31 38 15 5 45 44 18 39 21 30 26 14 29 47 9 8 33 25 2 42 41 35 48 40 1 22 43 34 28 37 27 20 10 3
84 29 22 2 41 46 38 9 44 10 15 20 35 31 27 21 19 39 34 26 42 6 5 25 17 12 49 23 3 13 14 16 24 40 45 50 36
85 3 23 34 36 5 10 24 2 49 22 32 4 16 8 46 15 29 44
86 26 7 41 30 40 3 2 45 24 4 29 43 1 47
87 13 16 43 24 14 45 50 23 11 3 17 19 22 38 49 37 34 30 47 4 9 2 27 18 28 25 31 20 35 36 44 46 40 32
88 13 9 12 22 37 16 29 45 25
89 9 22 8 49 40 21 20 26 1 29 16 41 30
90 41 3
91 49 29 2 36 19 33 24 10 6 40 39 47 50 45 18 14 15
92 32 30 40 7 27 2 44 6 11 23 26 42 45 25 5 18 19 35 1 21 43 16 31 9
93 31 11 21 38 14 3 30 35 5 19 6 46 47 27 16 4 24 23 34 13 50 44 22 10 26 40 32 42 48 20
94 15 28 4 9 5 37 25 21
95 32 7 19 50 8 38 1 9 39 45 30 37 11 47 14 35 18 23 29 26 2 20 6 5 27 22 42 48 33 12 4 3 34 28 16 49 44 24 40 15 17 46 10 25 13 41 31 36 21
96 9 28 46 33 31 24 30 47 5 3 35 7 1 2 27 10 41 43 37 18 15 23 45 42 29 48 25 26 19 14
97 31 46 50 23 10 37 1 45 6 44 17 48 16 9 19 7 43 49 32 42 5 25 35 4 12 36 27 40 22 3 8 47 26
98 23 17 47 46 27 38 24 7 32 49 19 3 39 25 20 48 31 14 36 11 42 22 18 5 6 4 8 45 43 30 40 41 15 34 9 10
99 43 33 2 4 35 44 15 46 20 47 49 1 45 48 8 7 21 23 19 25 10 40 26 42 34 3 37 18
100 36 28 27 37 12 44 33 26 43 6 21 7 5 25 50 24 45 10 23 38 15 20 30 13 19 18 42 46 41 16 39 17 8 49 4 35 9 32 1
