50
1 34 11 19 5 6 20 26 2
2 4 30 38 33 18 34 14 21 39 13 2 8 24 31 3 26
3 31 10 27 28 32 14 25 15 22 11 23 4 12 13 2 36 3 20 24
4 27 35 1 15 25 26 33 12 37 5 18 30 24 6 17 32 3
5 28 7 1 12 4 24 6 19 36 25 13 3
6 39 30 28 32 11 20 22 38
7 29 21 4 15 28 5 9 7 18 37 1 27 13 32 26 20 34 23 22 30 24 14 3 36 16 17
8 9 20 17 31 3 27 25 11 19 23 16 13 37 2 38 1 28
9 35 20 28 12 23 8 25 6 17 18 37 39 15 14 36 32 34 27 40 21 24 38 16 4 31 11 26 5 19 22 7 10 30 2 3 9
10 2 27 14 40 21 37 22 34 38 1 4 29 9 19 6 23 16 24 12 33 17 31 32 25 26 10 11 15 35
11 18 28 38 10 25 13 34 26 5 14 23 32
12 4 39 9 14 18 34 21 10 26 20 8 31 32 13 23 37 5 24 17 22 12 16 11 33 3 35 36 7 30 29 1 2 38 25 19 28
13 19 38 10 35 8 37 18 20 40 29 39 30 12 26 4 27 25 28 16 7 36 34 14 24 13 2 17 33 3
14 20 19 25 36 4 2 16 35 40 17 1 3 21 39 10 14 33 29 31 37 26 5 15 11
15 4 27 26 16 40 9 19 13 12 17 8 34 18
16 4 31 5 16 2 14 30 7 23 8 39 9 29 20 12 11 26 1 36 21 10 22 38 13 17 15 35 3 19 32 28
17 5 2 36 40 17 39 31 25 35
18 25 22 16 38 31
19 40 2 21 37 10 32 4 3 25 19 36 33
20 39 24 18 34 7 30 4 29 8 21 10 23 27 33 17 15 25 16 22 12 6 32
21 22 17 10 29
22 13 21 4 36 35 14 24 17 27 23 2 25 38 18 40 28 37 29 6 3 26 9 39 5 15 7 8 32 33 1 34 12 20 22 30 31
23 32 18 20 26 1 27 5 22 16 35 21 14 7 33 36 25 15 8 23 34 40 28 17 11 4 39 2 38 12 29
24 4 29 32 24 12 2 19 31 25 15 8 33 26 34 20 22 37 7 21 28 17
25 31 10 18 6 25 32 1 5 12 27 11 9 19 3 33 36 26 21 38 7 22 35 17 20 29 13 34
26 26 4 31 19 7 37 17 30 12 1 5 35 28 34 38 13 25 33 39 15 2 23 14 24 18 8 40 36 21 6 9 11
27 23 33 26
28 8 5 35 27 13 40 37 31 15 30 14 1 38 16 11 23 9 29 12 26 33 19 32 34 3 25 21 36 7 20 39 22 24 4 6
29 26 33 20 32 13 31 6 21 1 8 17 30 23 4 22 40 10 9 28 15
30 2 12 34 33 21 40 16 26 5 25 9 1 37 10 15 35 29 27 13 4 17 7 6 39 30 18 3 28 8 24 11 31
31 11 15 12 34 1 37 30 27 19 17 20 16 24 4 25 36 31 29 35 21 38 26 13 32 2 28 22 18 14 7 33 9 5 6 3 8 39 40 10 23
32 29 20 33 18 34 25 8 9 6 22 1 16 7 24 37 13 27 23 38 10 11 4
33 27 30 35
34 11 12 6 26 33 31 27 15 37 24 25 20 34 1 9 4 18 22 2 17
35 3 24 1 6 14 7 21 25 4 37
36 37 2 4 35 9 28
37 8 37 23 14 18 21 40 7 25 12 13 34 20 19 36 35 33 26 9 30 22 16 10 17 31 27
38 26 6 9 16 22 3 35 24 25 11 32 34 1 13 39 14 38 40 28 10 33 19 18 15 17 2 20 5 12 21 23 31 30 8
39 28 32 20 1 40 29 9 31 12 16 23 18 33 39 26 24 22 35 7 27
40 22
41 3 20 10 25 26 8 18 12 22 28 40 23 38 27 21
42 7 1 21 11 26 6 2 38 12 9 13 8 10 19 32 22 18 35 16 4 40 36 27 14
43 35 37 20 40 8 22 6 28
44 32 8 30 40 29 6 12 35 1 25 33 27 3 23 38 11 15 19 10 16 14 34 39 2 9 22 17 5 7 13 28 36 31
45 27 17 11
46 31 10 22 30 28 9 3 19 23 17 7 27 32 2 16 21 35 12 20 34 15 5 1 36 14 38 8 11 29 24 4 13 26 25 39 33 18 6 40 37
47 9 18 16 33 23 3 15 30 25 31 34 1 4 38 6 8 12 29 17 7 14 20 21 24 11 10 40 26 32 37
48 35 8 34 25 33 38 12 40 13 9 10 21 24 11 26 14 28 16 5 18 20 7 17 2
49 4 25 10 37 39 35 40 6
50 18 37 39 32 36 6 13 11 16 1 31 4 21 19 25 27 9 14 3 17 35 40 29 7 10 38 20 26 24 23
